32
64
-1
-1
70
96
48
27
90
50
4
73
40
27
-1
-1
20
88
47
-1
-1
-1
36
49
51
2
-1
-1
-1
95
87
78
37
57
62
52
48
-1
44
-1
76
-1
94
75
-1
-1
17
-1
46
-1
45
-1
81
-1
83
-1
80
-1
-1
85
-1
-1
5
67
45
06
-1
-1
-1
43
97
-1
84
-1
58
-1
-1
-1
74
-1
9
-1
-1
-1
-1
-1
89
13
-1
41
-1
16
-1
1
26
-1
-1
-1
5
-1
-1
10
69
-1
72
-1
77
35
-1
29
98
-1
36
-1
-1
-1
97
76
33
14
11
17
-1
55
54
-1
82
-1
12
-1
-1
-1
15
4
-1
21
20
-1
-1
-1
24
25
30
-1
53
-1
68
-1
92
-1
8
-1
-1
-1
63
-1
58
-1
-1
23
-1
99
-1
-1
-1
-1
31
-1
-1
71
-1
-1
-1
59
-1
91
49
-1
-1
-1
93
-1
-1
19
-1
-1
-1
39
-1
66
42
56
28
-1
-1
-1
-1
18
0
0